<?xml version="1.0"?>
<opencv_storage>
    <images>
left-0000.png
left-0001.png
left-0000.png
left-0002.png
left-0003.png
left-0004.png
left-0005.png
left-0006.png
left-0007.png
left-0008.png
left-0009.png
left-0010.png
left-0011.png
left-0012.png
left-0013.png
left-0014.png
left-0015.png
left-0016.png
left-0017.png
left-0018.png
left-0019.png
left-0020.png
left-0021.png
left-0022.png
left-0023.png
left-0024.png
left-0025.png
left-0026.png
left-0027.png
left-0028.png
left-0029.png
left-0030.png
left-0031.png
left-0032.png
left-0033.png
left-0034.png
left-0035.png
left-0036.png
left-0037.png
left-0038.png
left-0039.png
left-0040.png
left-0041.png
left-0042.png
left-0043.png
left-0044.png
left-0045.png
left-0046.png
left-0047.png
left-0048.png
left-0049.png
left-0050.png
left-0051.png
left-0052.png
left-0053.png
left-0054.png
left-0055.png
left-0056.png
left-0057.png
left-0058.png
left-0059.png
left-0060.png
left-0061.png
left-0062.png
left-0063.png
left-0064.png
left-0065.png
left-0066.png
left-0067.png
left-0068.png
left-0069.png
left-0070.png
left-0071.png
left-0072.png
left-0073.png
left-0074.png
left-0075.png
left-0076.png
left-0077.png
left-0078.png
left-0079.png
left-0080.png
left-0081.png
left-0082.png
left-0083.png
left-0084.png
left-0085.png
left-0086.png
left-0087.png
left-0088.png
left-0089.png
left-0090.png
left-0091.png
left-0092.png
left-0093.png
left-0094.png
left-0095.png
left-0096.png
left-0097.png
left-0098.png
left-0099.png
    </images>
</opencv_storage>

