%YAML:1.0
model_type: MEI
camera_name: "04"
image_width: 752
image_height: 480
mirror_parameters:
   xi: 2.0270126208970107e+00
distortion_parameters:
   k1: 5.7519582363249673e-02
   k2: 4.8746786910615658e-01
   p1: -2.8010701442599257e-03
   p2: 1.8596747104333284e-03
projection_parameters:
   gamma1: 1.1010987182546839e+03
   gamma2: 1.1014079879861044e+03
   u0: 3.5353993430910612e+02
   v0: 2.3075995112296656e+02
