%YAML:1.0
model_type: MEI
camera_name: "09"
image_width: 752
image_height: 480
mirror_parameters:
   xi: 2.3144694775529833e+00
distortion_parameters:
   k1: 1.9868835678203750e-01
   k2: 1.3375177857093998e+00
   p1: -2.0429537950378209e-03
   p2: -1.7242144301026347e-03
projection_parameters:
   gamma1: 1.2129729386233053e+03
   gamma2: 1.2122031582343659e+03
   u0: 3.8026256150338935e+02
   v0: 2.5836493799566199e+02
